x,y
1.3832,0.9768
1.6432375,1.22583125
1.89047275390625,1.467920703125
2.12535216369629,1.70322698669434
2.34831521205902,1.93189884653091
2.55979407605231,2.15407608412802
2.76021328418562,2.36989042493599
3.13976554427664,2.78904221843394
3.31889859623434,2.99237967112393
3.4878051478764,3.18960313248509
3.64689382623769,3.38082978252741
3.79656500542685,3.5661703318635
3.93721054516584,3.74572976006754
4.06921356736124,3.91960799298659
4.20121658955664,4.09348622590564
4.32457709420845,4.26168326353971
4.43967820322327,4.42429903173586
4.54689430069234,4.58142840261408
4.64659080946287,4.73316187187859
4.73912400574121,4.87958617508166
4.82484086903117,5.02078484675604
4.91055773232114,5.16198351843043
4.98945826262273,5.29795655857613
5.06188943943977,5.42878750172593
5.12818894557357,5.55455668139309
5.18868501706123,5.67534178920388
5.24369632844925,5.79121837689877
5.29353191070557,5.90226030511856
5.34336749296189,6.01330223333836
5.3880273460865,6.11950950208306
5.42782050104737,6.22095597199351
5.46304634523392,6.31771381261088
5.49399454036914,6.40985395116294
5.5209449730603,6.49744646813518
5.54416773529158,6.58056094354331
5.56739049752285,6.66367541895145
5.58688558929423,6.74231185279547
5.60292310258988,6.81653982509109
5.61576333477087,6.88642841538424
5.62565676906779,6.9520465490235
5.63284408501536,7.01346329413392
5.6375561961323,7.07074811320827
5.64226830724925,7.12803293228261
5.64450521353558,7.18118582532089
5.64449782851003,7.23027625481589
5.64246729967538,7.27537407762813
5.63862504619835,7.31654979657724
5.63317282383484,7.35387476665078
5.6263028144039,7.38742135974706
5.61943280497296,7.42096795284334
5.61114500847459,7.45073616896234
5.60163160672784,7.47679838000238
5.5910752076149,7.49922797477245
5.57964893455505,7.51809952373505
5.56751654052734,7.53348890228271
5.55483254394531,7.54547337646484
5.54214854736328,7.55745785064697
5.52891294822693,7.56603742046356
5.5152802649498,7.571289351964
5.50139578137994,7.57329230185449
5.48739568267465,7.57212640322484
5.47340721302731,7.56787331372532
5.4595488525497,7.56061623011002
5.4456904920721,7.55335914649471
5.43196224076422,7.54309806876362
5.41848257873785,7.52991619367083
5.40536122202314,7.51389825707423
5.39269929945096,7.49513054847885
5.38058954869062,7.47370089194663
5.36911652874648,7.44969859728888
5.35764350880235,7.42569630263112
5.34680721967444,7.39912136984784
5.33669222036712,7.37006310875034
5.32737489121985,7.33861231489931
5.31892364640376,7.30486122079732
5.31139916287712,7.26890341736396
5.30485462310302,7.23083374961013
5.29831008332893,7.19276408185631
5.29274548730738,7.15258254978201
5.28821401750147,7.11038399839811
5.28476136187911,7.06626452680677
5.28242595663071,7.02032138387561
5.28123924264908,6.97265283811092
5.28122593307495,6.92335802564621
5.28121262350082,6.8740632131815
5.2823727183342,6.82314213401675
5.2847309307158,6.77069392428547
5.28830524603426,6.71681858774833
5.29310718947165,6.66161684378171
5.29914210461453,6.60518995348147
5.30640944043409,6.54763952779836
5.31367677625366,6.49008910211524
5.32217653274992,6.43141514104924
5.33190815889407,6.37171925555109
5.34286520904191,6.3111034064264
5.35503562991395,6.24966971247103
5.3684020559445,6.18752024063803
5.38294211030304,6.1247567821525
5.39748216466159,6.06199332366697
5.41319584734812,5.99861587852891
5.43006078153215,5.93472623796342
5.44804957911838,5.87042591746761
5.46713014176814,5.80581593292549
5.4872659675932,5.74099656267058
5.50841646082529,5.67606709941283
5.52956695405738,5.61113763615508
5.5517321146965,5.54609807989448
5.57487134697437,5.48104772334099
5.59893996124267,5.41608487358093
5.62388948364258,5.35130660400391
5.64966796875,5.28680849609375
5.6762203125,5.222684375
5.70277265625,5.15856025390625
5.73009885864258,5.09481011962891
5.75814381561279,5.0315277973175
5.78684926445484,4.96880535578728
5.81615409674644,4.90673284309059
5.84599467155235,4.84539801586885
5.87630512621033,4.78488606640108
5.9066155808683,4.72437411693331
5.93739591537835,4.66468504521951
5.96858026707824,4.60590404353873
6.00010055157877,4.54811373980762
6.03188677354976,4.49139392462913
6.06386733508855,4.43582127603777
6.09596933897436,4.38146908585802
6.12807134286016,4.32711689567827
6.16029478909299,4.27398516391013
6.19256678045206,4.22214718237808
6.22481312039848,4.17167285669655
6.25695861632964,4.1226284326283
6.28892737771938,4.07507622405576
6.3206431064476,4.02907434648172
6.35235883517582,3.98307246890769
6.3838215312425,3.93862092233216
6.41495489652753,3.89577782225795
6.44568222531676,3.85459708580822
6.47592669463158,3.81512816522718
6.50561164674759,3.77741578691006
6.53466086120605,3.74149969987869
6.56371007566452,3.70558361284733
6.59212355246544,3.67146381710172
6.61982507115006,3.63918006166369
6.64673884852529,3.60876711818166
6.67278981067501,3.58025452940622
6.69790385446418,3.55366636711129
6.7220080958388,3.52902100337712
6.74611233721343,3.50437563964295
6.76920677617351,3.48167307446955
6.79121852866504,3.4609316799372
6.81207592971511,3.44216412843252
6.83170878173187,3.42537716393154
6.85004858960062,3.41057138664462
6.86702877987921,3.39774105493948
6.8840089701578,3.38491072323434
6.89962954284623,3.37405583711099
6.91382392450236,3.36517065493716
6.92652746335659,3.35824309323798
6.93767764850734,3.35325452861905
6.94721431321581,3.35017961696767
6.95507981960361,3.34898613384857
6.96294532599142,3.34779265072946
6.96913967405856,3.34848059614264
6.97360522592664,3.3510177456528
6.97628687257767,3.35536499450207
6.97713221855164,3.36147619800568
6.97609174804687,3.36929803314209
6.97311896972656,3.37876988525391
6.97014619140625,3.38824173736572
6.96524110527039,3.39936360645294
6.95835721998215,3.41207487785816
6.94945106866956,3.42630764528811
6.93848235373199,3.44198659751452
6.92541407035282,3.45902893018578
6.9102126060216,3.47734428666554
6.89501114169038,3.49565964314529
6.87767649640711,3.51524802343354
6.85817505766135,3.53601907089394
6.83647660524882,3.55787487660544
6.81255441079363,3.58070992020089
6.78638531327993,3.60441103973277
6.75794976789653,3.62885743448213
6.72951422251314,3.65330382923149
6.69881222926006,3.67849549919833
6.66582424332611,3.7043116436637
6.6305343361048,3.73062382313726
6.59293024403891,3.7572959621662
6.553003390778,3.78418438508763
6.51074887995224,3.81113788864039
6.46849436912649,3.83809139219315
6.42391220073588,3.86510997637725
6.3769974784106,3.89204243793152
6.3277489857614,3.91873004599661
6.27616917915344,3.94500661472678
6.22226415109634,3.9706986127615
6.16604356155396,3.99562531347275
6.10982297201157,4.020552014184
6.05128682098389,4.04471341757178
5.99044476843476,4.0679287970081
5.92731004178226,4.09001023059748
5.86189936720841,4.11076275142441
5.7942328688886,4.12998453857654
5.72433393344406,4.14746715286021
5.65443499799953,4.16494976714387
5.58230362543026,4.18069320855907
5.50796320235748,4.19448903791211
5.43144037784822,4.20612219772795
5.3527649278678,4.21537124796566
5.27196958495528,4.22200864642598
5.18908983042538,4.22580107776746
5.10621007589549,4.22959350910895
5.02124590974823,4.23054097333159
4.93423281329833,4.22841015509395
4.8452090166362,4.22296196591235
4.75421529082982,4.21395187317699
4.66129470265308,4.20113027777647
4.5664923291439,4.18424294424711
4.47168995563472,4.16735561071774
4.3750057967931,4.14640253905952
4.27648492965698,4.12112949380875
4.17617444152832,4.09127760314941
4.07412314453125,4.0565837890625
3.97038125,4.01678125
3.865,3.9716
0,0
